04-08-2021,09:50:29
1611
2649
1.01
.00934718
612698
.00262935
4.42726
1683.78
27.5748

04-08-2021,09:55:29
1613
2650
1.01
.00934587
612998
.00263133
4.42677
1682.33
27.5418

04-08-2021,10:00:29
1614
2651
1.01
.00934782
613298
.00263167
4.42627
1681.92
27.5254

04-08-2021,10:05:29
1615
2652
1.01
.0093465
613599
.00263201
4.42577
1681.52
27.5096

04-08-2021,10:10:29
1616
2653
1.01
.00934681
613899
.00263235
4.42528
1681.11
27.4932

04-08-2021,10:16:47
1617
2653
1.01
.00934595
614277
.00263236
4.42255
1680.07
27.4768

04-08-2021,10:21:47
1618
2654
1.01
.00934789
614577
.00263271
4.42206
1679.66
27.4604

