03-08-2021,08:50:23
929
1897
.81
.0093363
522691
.00177734
3.7164
2090.99
47.3477

03-08-2021,08:55:23
930
1898
.81
.00933859
522991
.00177823
3.71622
2089.84
47.3

03-08-2021,09:00:23
931
1899
.81
.00933895
523292
.00177912
3.71604
2088.7
47.2513

03-08-2021,09:05:23
932
1900
.81
.00933742
523592
.00178001
3.71587
2087.55
47.2028

03-08-2021,09:10:23
933
1901
.81
.0093378
523892
.0017809
3.7157
2086.41
47.1533

03-08-2021,09:15:24
934
1901
.81
.00933627
524192
.00178179
3.71357
2084.18
47.1049

03-08-2021,09:20:24
936
1913
.81
.00933856
524492
.00178458
3.73487
2092.85
47.0075

03-08-2021,09:25:24
937
1914
.81
.00933701
524793
.00178547
3.73468
2091.71
46.9594

03-08-2021,09:30:24
938
1915
.81
.00933549
525093
.00178635
3.7345
2090.58
46.9104

03-08-2021,09:35:25
942
1918
.81
.00933968
525393
.00179294
3.73821
2084.96
46.7155

03-08-2021,09:40:25
943
1919
.81
.00934005
525693
.00179382
3.73803
2083.83
46.667

03-08-2021,09:45:25
944
1920
.81
.00933853
525993
.0017947
3.73784
2082.71
46.6197

03-08-2021,09:50:25
945
1921
.81
.00933889
526294
.00179557
3.73765
2081.59
46.5714

03-08-2021,09:55:25
947
1933
.81
.00933736
526594
.00179835
3.75886
2090.17
46.4773

03-08-2021,10:00:25
948
1934
.81
.00933964
526894
.00179922
3.75866
2089.05
46.4293

03-08-2021,10:05:25
949
1934
.81
.00933812
527194
.0018001
3.75652
2086.85
46.3825

03-08-2021,10:10:26
950
1935
.81
.00933849
527494
.00180097
3.75633
2085.73
46.3358

03-08-2021,10:15:26
951
1936
.81
.00933887
527794
.00180184
3.75613
2084.61
46.2892

03-08-2021,10:20:26
952
1937
.81
.00934114
528094
.00180271
3.75594
2083.5
46.2437

03-08-2021,10:25:26
953
1938
.81
.0093415
528395
.00180357
3.75574
2082.38
46.1983

03-08-2021,10:30:26
954
1938
.81
.00933998
528695
.00180444
3.7536
2080.2
46.152

03-08-2021,10:35:27
955
1939
.81
.00934035
528995
.00180531
3.75341
2079.1
46.1047

03-08-2021,10:40:27
956
1940
.81
.00934073
529295
.00180618
3.75322
2077.99
46.0575

03-08-2021,10:45:27
957
1941
.81
.00934108
529596
.00180704
3.75302
2076.89
46.0115

03-08-2021,10:50:27
959
1942
.81
.00934146
529896
.00180979
3.75283
2073.63
45.9176

03-08-2021,10:55:27
960
1943
.81
.00934183
530196
.00181065
3.75263
2072.53
45.8708

03-08-2021,11:00:27
961
1944
.81
.00934032
530496
.00181151
3.75244
2071.44
45.8241

03-08-2021,11:05:28
962
1945
.81
.00934257
530796
.00181237
3.75225
2070.35
45.7786

03-08-2021,11:10:28
963
1945
.81
.00934294
531096
.00181323
3.75013
2068.2
45.7321

03-08-2021,11:15:28
964
1946
.81
.00934331
531396
.00181409
3.74994
2067.12
45.6867

03-08-2021,11:20:28
965
1947
.81
.00934179
531697
.00181494
3.74974
2066.04
45.6414

03-08-2021,11:25:28
966
1948
.81
.00934216
531997
.0018158
3.74955
2064.96
45.5952

03-08-2021,11:30:28
967
1948
.81
.00934441
532297
.00181666
3.74744
2062.83
45.5491

03-08-2021,11:35:28
968
1949
.81
.00934478
532597
.00181751
3.74725
2061.75
45.5041

03-08-2021,11:40:29
969
1950
.81
.00934515
532897
.00181836
3.74707
2060.68
45.4592

03-08-2021,11:45:29
971
1954
.81
.00934551
533197
.00182109
3.75264
2060.66
45.3687

