04-08-2021,09:50:29
1611
2649
1.01
.00934718
612698
.00262935
4.42726
1683.78
27.5748

04-08-2021,09:55:29
1613
2650
1.01
.00934587
612998
.00263133
4.42677
1682.33
27.5418

04-08-2021,10:00:29
1614
2651
1.01
.00934782
613298
.00263167
4.42627
1681.92
27.5254

04-08-2021,10:05:29
1615
2652
1.01
.0093465
613599
.00263201
4.42577
1681.52
27.5096

04-08-2021,10:10:29
1616
2653
1.01
.00934681
613899
.00263235
4.42528
1681.11
27.4932

04-08-2021,10:16:47
1617
2653
1.01
.00934595
614277
.00263236
4.42255
1680.07
27.4768

04-08-2021,10:21:47
1618
2654
1.01
.00934789
614577
.00263271
4.42206
1679.66
27.4604

04-08-2021,10:25:59
1619
2655
1.01
.00934894
614829
.00263325
4.42191
1679.26
27.4447

04-08-2021,10:30:59
1621
2657
1.01
.00934763
615129
.00263522
4.42309
1678.45
27.4115

04-08-2021,10:35:59
1622
2657
1.01
.00934795
615429
.00263556
4.42093
1677.42
27.3958

04-08-2021,10:40:59
1623
2658
1.01
.00934827
615729
.0026359
4.42044
1677.01
27.3802

04-08-2021,10:46:00
1624
2659
1.01
.00934859
616029
.00263624
4.41995
1676.61
27.3645

04-08-2021,10:51:00
1625
2660
1.01
.0093489
616329
.00263658
4.41946
1676.21
27.3483

04-08-2021,10:56:00
1626
2660
1.01
.00934758
616630
.00263691
4.4173
1675.18
27.3327

04-08-2021,11:01:00
1627
2661
1.01
.00934952
616930
.00263725
4.41681
1674.78
27.3171

04-08-2021,11:06:00
1628
2662
1.01
.00934822
617230
.00263759
4.41632
1674.38
27.301

04-08-2021,11:11:00
1629
2663
1.01
.00934853
617530
.00263793
4.41584
1673.98
27.2855

04-08-2021,11:16:01
1630
2664
1.01
.00934885
617830
.00263827
4.41535
1673.58
27.2699

04-08-2021,11:21:01
1631
2664
1.01
.00934917
618130
.0026386
4.41321
1672.55
27.2538

04-08-2021,11:26:01
1632
2665
1.01
.00934785
618431
.00263894
4.41272
1672.16
27.2384

04-08-2021,11:31:01
1646
2685
1.01
.00935301
618731
.00266028
4.44368
1670.38
27.0103

04-08-2021,11:36:01
1647
2685
1.01
.00935333
619031
.00266061
4.44152
1669.36
26.9945

